2024/08/28-08:49:08.732902 7f2d2adfb700 RocksDB version: 6.20.3
2024/08/28-08:49:08.733413 7f2d2adfb700 Git sha 01028f411f86e930a5436f757837da08a3f48f1a
2024/08/28-08:49:08.733418 7f2d2adfb700 Compile date 2021-07-31 16:27:06
2024/08/28-08:49:08.733470 7f2d2adfb700 DB SUMMARY
2024/08/28-08:49:08.733472 7f2d2adfb700 DB Session ID:  E62Q3QB6WWL6E63XTXMI
2024/08/28-08:49:08.734977 7f2d2adfb700 CURRENT file:  CURRENT
2024/08/28-08:49:08.735757 7f2d2adfb700 MANIFEST file:  MANIFEST-000143 size: 723 Bytes
2024/08/28-08:49:08.735760 7f2d2adfb700 SST files in /data/db dir, Total Num: 2, files: 000152.sst 000154.sst 
2024/08/28-08:49:08.735762 7f2d2adfb700 Write Ahead Log file in /data/db: 
2024/08/28-08:49:08.735764 7f2d2adfb700                         Options.error_if_exists: 0
2024/08/28-08:49:08.735765 7f2d2adfb700                       Options.create_if_missing: 1
2024/08/28-08:49:08.735766 7f2d2adfb700                         Options.paranoid_checks: 1
2024/08/28-08:49:08.735767 7f2d2adfb700                               Options.track_and_verify_wals_in_manifest: 0
2024/08/28-08:49:08.735768 7f2d2adfb700                                     Options.env: 0x4600540
2024/08/28-08:49:08.735769 7f2d2adfb700                                      Options.fs: Posix File System
2024/08/28-08:49:08.735770 7f2d2adfb700                                Options.info_log: 0x7f2da4691200
2024/08/28-08:49:08.735771 7f2d2adfb700                Options.max_file_opening_threads: 16
2024/08/28-08:49:08.735772 7f2d2adfb700                              Options.statistics: (nil)
2024/08/28-08:49:08.735773 7f2d2adfb700                               Options.use_fsync: 0
2024/08/28-08:49:08.735775 7f2d2adfb700                       Options.max_log_file_size: 4194304
2024/08/28-08:49:08.735776 7f2d2adfb700                  Options.max_manifest_file_size: 1073741824
2024/08/28-08:49:08.735777 7f2d2adfb700                   Options.log_file_time_to_roll: 0
2024/08/28-08:49:08.735778 7f2d2adfb700                       Options.keep_log_file_num: 5
2024/08/28-08:49:08.735779 7f2d2adfb700                    Options.recycle_log_file_num: 0
2024/08/28-08:49:08.735780 7f2d2adfb700                         Options.allow_fallocate: 1
2024/08/28-08:49:08.735781 7f2d2adfb700                        Options.allow_mmap_reads: 0
2024/08/28-08:49:08.735782 7f2d2adfb700                       Options.allow_mmap_writes: 0
2024/08/28-08:49:08.735783 7f2d2adfb700                        Options.use_direct_reads: 0
2024/08/28-08:49:08.735784 7f2d2adfb700                        Options.use_direct_io_for_flush_and_compaction: 0
2024/08/28-08:49:08.735785 7f2d2adfb700          Options.create_missing_column_families: 0
2024/08/28-08:49:08.735786 7f2d2adfb700                              Options.db_log_dir: 
2024/08/28-08:49:08.735787 7f2d2adfb700                                 Options.wal_dir: /data/db
2024/08/28-08:49:08.735788 7f2d2adfb700                Options.table_cache_numshardbits: 6
2024/08/28-08:49:08.735789 7f2d2adfb700                         Options.WAL_ttl_seconds: 86400
2024/08/28-08:49:08.735790 7f2d2adfb700                       Options.WAL_size_limit_MB: 1024
2024/08/28-08:49:08.735791 7f2d2adfb700                        Options.max_write_batch_group_size_bytes: 1048576
2024/08/28-08:49:08.735792 7f2d2adfb700             Options.manifest_preallocation_size: 4194304
2024/08/28-08:49:08.735793 7f2d2adfb700                     Options.is_fd_close_on_exec: 1
2024/08/28-08:49:08.735794 7f2d2adfb700                   Options.advise_random_on_open: 1
2024/08/28-08:49:08.735794 7f2d2adfb700                    Options.db_write_buffer_size: 0
2024/08/28-08:49:08.735795 7f2d2adfb700                    Options.write_buffer_manager: 0x7f2da4851e30
2024/08/28-08:49:08.735796 7f2d2adfb700         Options.access_hint_on_compaction_start: 1
2024/08/28-08:49:08.735797 7f2d2adfb700  Options.new_table_reader_for_compaction_inputs: 0
2024/08/28-08:49:08.735798 7f2d2adfb700           Options.random_access_max_buffer_size: 1048576
2024/08/28-08:49:08.735799 7f2d2adfb700                      Options.use_adaptive_mutex: 0
2024/08/28-08:49:08.735800 7f2d2adfb700                            Options.rate_limiter: (nil)
2024/08/28-08:49:08.736218 7f2d2adfb700     Options.sst_file_manager.rate_bytes_per_sec: 0
2024/08/28-08:49:08.736220 7f2d2adfb700                       Options.wal_recovery_mode: 2
2024/08/28-08:49:08.736221 7f2d2adfb700                  Options.enable_thread_tracking: 0
2024/08/28-08:49:08.736222 7f2d2adfb700                  Options.enable_pipelined_write: 0
2024/08/28-08:49:08.736223 7f2d2adfb700                  Options.unordered_write: 0
2024/08/28-08:49:08.736224 7f2d2adfb700         Options.allow_concurrent_memtable_write: 1
2024/08/28-08:49:08.736225 7f2d2adfb700      Options.enable_write_thread_adaptive_yield: 1
2024/08/28-08:49:08.736226 7f2d2adfb700             Options.write_thread_max_yield_usec: 100
2024/08/28-08:49:08.736227 7f2d2adfb700            Options.write_thread_slow_yield_usec: 3
2024/08/28-08:49:08.736228 7f2d2adfb700                               Options.row_cache: None
2024/08/28-08:49:08.736229 7f2d2adfb700                              Options.wal_filter: None
2024/08/28-08:49:08.736230 7f2d2adfb700             Options.avoid_flush_during_recovery: 0
2024/08/28-08:49:08.736231 7f2d2adfb700             Options.allow_ingest_behind: 0
2024/08/28-08:49:08.736232 7f2d2adfb700             Options.preserve_deletes: 0
2024/08/28-08:49:08.736233 7f2d2adfb700             Options.two_write_queues: 0
2024/08/28-08:49:08.736234 7f2d2adfb700             Options.manual_wal_flush: 0
2024/08/28-08:49:08.736235 7f2d2adfb700             Options.atomic_flush: 0
2024/08/28-08:49:08.736236 7f2d2adfb700             Options.avoid_unnecessary_blocking_io: 0
2024/08/28-08:49:08.736237 7f2d2adfb700                 Options.persist_stats_to_disk: 0
2024/08/28-08:49:08.736238 7f2d2adfb700                 Options.write_dbid_to_manifest: 0
2024/08/28-08:49:08.736239 7f2d2adfb700                 Options.log_readahead_size: 0
2024/08/28-08:49:08.736240 7f2d2adfb700                 Options.file_checksum_gen_factory: Unknown
2024/08/28-08:49:08.736241 7f2d2adfb700                 Options.best_efforts_recovery: 0
2024/08/28-08:49:08.736241 7f2d2adfb700                Options.max_bgerror_resume_count: 2147483647
2024/08/28-08:49:08.736243 7f2d2adfb700            Options.bgerror_resume_retry_interval: 1000000
2024/08/28-08:49:08.736244 7f2d2adfb700             Options.allow_data_in_errors: 0
2024/08/28-08:49:08.736245 7f2d2adfb700             Options.db_host_id: __hostname__
2024/08/28-08:49:08.736246 7f2d2adfb700             Options.max_background_jobs: 16
2024/08/28-08:49:08.736247 7f2d2adfb700             Options.max_background_compactions: -1
2024/08/28-08:49:08.736248 7f2d2adfb700             Options.max_subcompactions: 1
2024/08/28-08:49:08.736249 7f2d2adfb700             Options.avoid_flush_during_shutdown: 0
2024/08/28-08:49:08.736250 7f2d2adfb700           Options.writable_file_max_buffer_size: 1048576
2024/08/28-08:49:08.736251 7f2d2adfb700             Options.delayed_write_rate : 16777216
2024/08/28-08:49:08.736251 7f2d2adfb700             Options.max_total_wal_size: 0
2024/08/28-08:49:08.736253 7f2d2adfb700             Options.delete_obsolete_files_period_micros: 21600000000
2024/08/28-08:49:08.736254 7f2d2adfb700                   Options.stats_dump_period_sec: 600
2024/08/28-08:49:08.736255 7f2d2adfb700                 Options.stats_persist_period_sec: 600
2024/08/28-08:49:08.736256 7f2d2adfb700                 Options.stats_history_buffer_size: 1048576
2024/08/28-08:49:08.736257 7f2d2adfb700                          Options.max_open_files: -1
2024/08/28-08:49:08.736258 7f2d2adfb700                          Options.bytes_per_sync: 0
2024/08/28-08:49:08.736259 7f2d2adfb700                      Options.wal_bytes_per_sync: 0
2024/08/28-08:49:08.736260 7f2d2adfb700                   Options.strict_bytes_per_sync: 0
2024/08/28-08:49:08.736260 7f2d2adfb700       Options.compaction_readahead_size: 0
2024/08/28-08:49:08.736261 7f2d2adfb700                  Options.max_background_flushes: -1
2024/08/28-08:49:08.736262 7f2d2adfb700 Compression algorithms supported:
2024/08/28-08:49:08.736264 7f2d2adfb700 	kZSTDNotFinalCompression supported: 0
2024/08/28-08:49:08.736496 7f2d2adfb700 	kZSTD supported: 0
2024/08/28-08:49:08.736498 7f2d2adfb700 	kXpressCompression supported: 0
2024/08/28-08:49:08.736499 7f2d2adfb700 	kLZ4HCCompression supported: 0
2024/08/28-08:49:08.736500 7f2d2adfb700 	kLZ4Compression supported: 0
2024/08/28-08:49:08.736501 7f2d2adfb700 	kBZip2Compression supported: 0
2024/08/28-08:49:08.736502 7f2d2adfb700 	kZlibCompression supported: 1
2024/08/28-08:49:08.736503 7f2d2adfb700 	kSnappyCompression supported: 1
2024/08/28-08:49:08.736505 7f2d2adfb700 Fast CRC32 supported: Not supported on x86
2024/08/28-08:49:08.747799 7f2d2adfb700 [/version_set.cc:4626] Recovering from manifest file: /data/db/MANIFEST-000143
2024/08/28-08:49:08.750791 7f2d2adfb700 [/column_family.cc:596] --------------- Options for column family [default]:
2024/08/28-08:49:08.750800 7f2d2adfb700               Options.comparator: leveldb.BytewiseComparator
2024/08/28-08:49:08.750802 7f2d2adfb700           Options.merge_operator: UInt64AddOperator
2024/08/28-08:49:08.750803 7f2d2adfb700        Options.compaction_filter: None
2024/08/28-08:49:08.750804 7f2d2adfb700        Options.compaction_filter_factory: None
2024/08/28-08:49:08.750805 7f2d2adfb700  Options.sst_partitioner_factory: None
2024/08/28-08:49:08.750808 7f2d2adfb700         Options.memtable_factory: SkipListFactory
2024/08/28-08:49:08.750809 7f2d2adfb700            Options.table_factory: BlockBasedTable
2024/08/28-08:49:08.750839 7f2d2adfb700            table_factory options:   flush_block_policy_factory: FlushBlockBySizePolicyFactory (0x7f2da5a08020)
  cache_index_and_filter_blocks: 0
  cache_index_and_filter_blocks_with_high_priority: 1
  pin_l0_filter_and_index_blocks_in_cache: 0
  pin_top_level_index_and_filter: 1
  index_type: 0
  data_block_index_type: 0
  index_shortening: 1
  data_block_hash_table_util_ratio: 0.750000
  hash_index_allow_collision: 1
  checksum: 1
  no_block_cache: 0
  block_cache: 0x7f2da474e690
  block_cache_name: LRUCache
  block_cache_options:
    capacity : 8388608
    num_shard_bits : 4
    strict_capacity_limit : 0
    memory_allocator : None
    high_pri_pool_ratio: 0.000
  block_cache_compressed: (nil)
  persistent_cache: (nil)
  block_size: 4096
  block_size_deviation: 10
  block_restart_interval: 16
  index_block_restart_interval: 1
  metadata_block_size: 4096
  partition_filters: 0
  use_delta_encoding: 1
  filter_policy: nullptr
  whole_key_filtering: 1
  verify_compression: 0
  read_amp_bytes_per_bit: 0
  format_version: 5
  enable_index_compression: 1
  block_align: 0
2024/08/28-08:49:08.750929 7f2d2adfb700        Options.write_buffer_size: 4194304
2024/08/28-08:49:08.750930 7f2d2adfb700  Options.max_write_buffer_number: 2
2024/08/28-08:49:08.750932 7f2d2adfb700        Options.compression[0]: NoCompression
2024/08/28-08:49:08.750933 7f2d2adfb700        Options.compression[1]: NoCompression
2024/08/28-08:49:08.750934 7f2d2adfb700        Options.compression[2]: Snappy
2024/08/28-08:49:08.750935 7f2d2adfb700        Options.compression[3]: Snappy
2024/08/28-08:49:08.750936 7f2d2adfb700        Options.compression[4]: Snappy
2024/08/28-08:49:08.750937 7f2d2adfb700        Options.compression[5]: Snappy
2024/08/28-08:49:08.750938 7f2d2adfb700        Options.compression[6]: Snappy
2024/08/28-08:49:08.750939 7f2d2adfb700                  Options.bottommost_compression: Disabled
2024/08/28-08:49:08.750940 7f2d2adfb700       Options.prefix_extractor: nullptr
2024/08/28-08:49:08.750941 7f2d2adfb700   Options.memtable_insert_with_hint_prefix_extractor: nullptr
2024/08/28-08:49:08.750943 7f2d2adfb700             Options.num_levels: 7
2024/08/28-08:49:08.750944 7f2d2adfb700        Options.min_write_buffer_number_to_merge: 1
2024/08/28-08:49:08.750945 7f2d2adfb700     Options.max_write_buffer_number_to_maintain: 0
2024/08/28-08:49:08.750946 7f2d2adfb700     Options.max_write_buffer_size_to_maintain: 0
2024/08/28-08:49:08.750947 7f2d2adfb700            Options.bottommost_compression_opts.window_bits: -14
2024/08/28-08:49:08.750948 7f2d2adfb700                  Options.bottommost_compression_opts.level: 32767
2024/08/28-08:49:08.751239 7f2d2adfb700               Options.bottommost_compression_opts.strategy: 0
2024/08/28-08:49:08.751242 7f2d2adfb700         Options.bottommost_compression_opts.max_dict_bytes: 0
2024/08/28-08:49:08.751243 7f2d2adfb700         Options.bottommost_compression_opts.zstd_max_train_bytes: 0
2024/08/28-08:49:08.751244 7f2d2adfb700         Options.bottommost_compression_opts.parallel_threads: 1
2024/08/28-08:49:08.751245 7f2d2adfb700                  Options.bottommost_compression_opts.enabled: false
2024/08/28-08:49:08.751246 7f2d2adfb700         Options.bottommost_compression_opts.max_dict_buffer_bytes: 0
2024/08/28-08:49:08.751247 7f2d2adfb700            Options.compression_opts.window_bits: -14
2024/08/28-08:49:08.751248 7f2d2adfb700                  Options.compression_opts.level: 32767
2024/08/28-08:49:08.751249 7f2d2adfb700               Options.compression_opts.strategy: 0
2024/08/28-08:49:08.751250 7f2d2adfb700         Options.compression_opts.max_dict_bytes: 0
2024/08/28-08:49:08.751251 7f2d2adfb700         Options.compression_opts.zstd_max_train_bytes: 0
2024/08/28-08:49:08.751252 7f2d2adfb700         Options.compression_opts.parallel_threads: 1
2024/08/28-08:49:08.751253 7f2d2adfb700                  Options.compression_opts.enabled: false
2024/08/28-08:49:08.751254 7f2d2adfb700         Options.compression_opts.max_dict_buffer_bytes: 0
2024/08/28-08:49:08.751255 7f2d2adfb700      Options.level0_file_num_compaction_trigger: 2
2024/08/28-08:49:08.751256 7f2d2adfb700          Options.level0_slowdown_writes_trigger: 20
2024/08/28-08:49:08.751257 7f2d2adfb700              Options.level0_stop_writes_trigger: 36
2024/08/28-08:49:08.751258 7f2d2adfb700                   Options.target_file_size_base: 67108864
2024/08/28-08:49:08.751259 7f2d2adfb700             Options.target_file_size_multiplier: 1
2024/08/28-08:49:08.751260 7f2d2adfb700                Options.max_bytes_for_level_base: 536870912
2024/08/28-08:49:08.751261 7f2d2adfb700 Options.level_compaction_dynamic_level_bytes: 0
2024/08/28-08:49:08.751264 7f2d2adfb700          Options.max_bytes_for_level_multiplier: 10.000000
2024/08/28-08:49:08.751265 7f2d2adfb700 Options.max_bytes_for_level_multiplier_addtl[0]: 1
2024/08/28-08:49:08.751267 7f2d2adfb700 Options.max_bytes_for_level_multiplier_addtl[1]: 1
2024/08/28-08:49:08.751268 7f2d2adfb700 Options.max_bytes_for_level_multiplier_addtl[2]: 1
2024/08/28-08:49:08.751269 7f2d2adfb700 Options.max_bytes_for_level_multiplier_addtl[3]: 1
2024/08/28-08:49:08.751270 7f2d2adfb700 Options.max_bytes_for_level_multiplier_addtl[4]: 1
2024/08/28-08:49:08.751271 7f2d2adfb700 Options.max_bytes_for_level_multiplier_addtl[5]: 1
2024/08/28-08:49:08.751272 7f2d2adfb700 Options.max_bytes_for_level_multiplier_addtl[6]: 1
2024/08/28-08:49:08.751273 7f2d2adfb700       Options.max_sequential_skip_in_iterations: 8
2024/08/28-08:49:08.751274 7f2d2adfb700                    Options.max_compaction_bytes: 1677721600
2024/08/28-08:49:08.751275 7f2d2adfb700                        Options.arena_block_size: 524288
2024/08/28-08:49:08.751276 7f2d2adfb700   Options.soft_pending_compaction_bytes_limit: 68719476736
2024/08/28-08:49:08.751277 7f2d2adfb700   Options.hard_pending_compaction_bytes_limit: 274877906944
2024/08/28-08:49:08.751278 7f2d2adfb700       Options.rate_limit_delay_max_milliseconds: 100
2024/08/28-08:49:08.751279 7f2d2adfb700                Options.disable_auto_compactions: 0
2024/08/28-08:49:08.751280 7f2d2adfb700                        Options.compaction_style: kCompactionStyleLevel
2024/08/28-08:49:08.751281 7f2d2adfb700                          Options.compaction_pri: kMinOverlappingRatio
2024/08/28-08:49:08.751282 7f2d2adfb700 Options.compaction_options_universal.size_ratio: 1
2024/08/28-08:49:08.751283 7f2d2adfb700 Options.compaction_options_universal.min_merge_width: 2
2024/08/28-08:49:08.751284 7f2d2adfb700 Options.compaction_options_universal.max_merge_width: 4294967295
2024/08/28-08:49:08.751285 7f2d2adfb700 Options.compaction_options_universal.max_size_amplification_percent: 200
2024/08/28-08:49:08.751623 7f2d2adfb700 Options.compaction_options_universal.compression_size_percent: -1
2024/08/28-08:49:08.751626 7f2d2adfb700 Options.compaction_options_universal.stop_style: kCompactionStopStyleTotalSize
2024/08/28-08:49:08.751627 7f2d2adfb700 Options.compaction_options_fifo.max_table_files_size: 1073741824
2024/08/28-08:49:08.751628 7f2d2adfb700 Options.compaction_options_fifo.allow_compaction: 0
2024/08/28-08:49:08.751634 7f2d2adfb700                   Options.table_properties_collectors: 
2024/08/28-08:49:08.751635 7f2d2adfb700                   Options.inplace_update_support: 0
2024/08/28-08:49:08.751636 7f2d2adfb700                 Options.inplace_update_num_locks: 10000
2024/08/28-08:49:08.751638 7f2d2adfb700               Options.memtable_prefix_bloom_size_ratio: 0.000000
2024/08/28-08:49:08.751639 7f2d2adfb700               Options.memtable_whole_key_filtering: 0
2024/08/28-08:49:08.751640 7f2d2adfb700   Options.memtable_huge_page_size: 0
2024/08/28-08:49:08.751641 7f2d2adfb700                           Options.bloom_locality: 0
2024/08/28-08:49:08.751642 7f2d2adfb700                    Options.max_successive_merges: 0
2024/08/28-08:49:08.751643 7f2d2adfb700                Options.optimize_filters_for_hits: 0
2024/08/28-08:49:08.751644 7f2d2adfb700                Options.paranoid_file_checks: 0
2024/08/28-08:49:08.751644 7f2d2adfb700                Options.force_consistency_checks: 1
2024/08/28-08:49:08.751645 7f2d2adfb700                Options.report_bg_io_stats: 0
2024/08/28-08:49:08.751646 7f2d2adfb700                               Options.ttl: 2592000
2024/08/28-08:49:08.751647 7f2d2adfb700          Options.periodic_compaction_seconds: 0
2024/08/28-08:49:08.751648 7f2d2adfb700                    Options.enable_blob_files: false
2024/08/28-08:49:08.751649 7f2d2adfb700                        Options.min_blob_size: 0
2024/08/28-08:49:08.751650 7f2d2adfb700                       Options.blob_file_size: 268435456
2024/08/28-08:49:08.751652 7f2d2adfb700                Options.blob_compression_type: NoCompression
2024/08/28-08:49:08.751653 7f2d2adfb700       Options.enable_blob_garbage_collection: false
2024/08/28-08:49:08.751654 7f2d2adfb700   Options.blob_garbage_collection_age_cutoff: 0.250000
2024/08/28-08:49:08.767411 7f2d2adfb700 [/version_set.cc:4666] Recovered from manifest file:/data/db/MANIFEST-000143 succeeded,manifest_file_number is 143, next_file_number is 156, last_sequence is 3506, log_number is 153,prev_log_number is 0,max_column_family is 0,min_log_number_to_keep is 0
2024/08/28-08:49:08.767420 7f2d2adfb700 [/version_set.cc:4681] Column family [default] (ID 0), log number is 153
2024/08/28-08:49:08.786133 7f2d2adfb700 [/version_set.cc:4118] Creating manifest 157
2024/08/28-08:49:08.845125 7f2d2adfb700 [/db_impl/db_impl_open.cc:1756] SstFileManager instance 0x7f2da4684080
2024/08/28-08:49:08.846852 7f2d2adfb700 DB pointer 0x7f2da46e6800
2024/08/28-08:49:14.847395 7f2d27df5700 [/db_impl/db_impl.cc:931] ------- DUMPING STATS -------
2024/08/28-08:49:14.847866 7f2d27df5700 [/db_impl/db_impl.cc:933] 
** DB Stats **
Uptime(secs): 6.1 total, 6.1 interval
Cumulative writes: 2 writes, 2 keys, 2 commit groups, 0.7 writes per commit group, ingest: 0.00 GB, 0.00 MB/s
Cumulative WAL: 1 writes, 0 syncs, 1.00 writes per sync, written: 0.00 GB, 0.00 MB/s
Cumulative stall: 00:00:0.000 H:M:S, 0.0 percent
Interval writes: 2 writes, 2 keys, 2 commit groups, 0.7 writes per commit group, ingest: 0.00 MB, 0.00 MB/s
Interval WAL: 1 writes, 0 syncs, 1.00 writes per sync, written: 0.00 MB, 0.00 MB/s
Interval stall: 00:00:0.000 H:M:S, 0.0 percent

** Compaction Stats [default] **
Level    Files   Size     Score Read(GB)  Rn(GB) Rnp1(GB) Write(GB) Wnew(GB) Moved(GB) W-Amp Rd(MB/s) Wr(MB/s) Comp(sec) CompMergeCPU(sec) Comp(cnt) Avg(sec) KeyIn KeyDrop Rblob(GB) Wblob(GB)
------------------------------------------------------------------------------------------------------------------------------------------------------------------------------------------------
  L0      1/0   692.96 KB   0.5      0.0     0.0      0.0       0.0      0.0       0.0   0.0      0.0      0.0      0.00              0.00         0    0.000       0      0       0.0       0.0
  L1      1/0    5.93 MB   0.0      0.0     0.0      0.0       0.0      0.0       0.0   0.0      0.0      0.0      0.00              0.00         0    0.000       0      0       0.0       0.0
 Sum      2/0    6.61 MB   0.0      0.0     0.0      0.0       0.0      0.0       0.0   0.0      0.0      0.0      0.00              0.00         0    0.000       0      0       0.0       0.0
 Int      0/0    0.00 KB   0.0      0.0     0.0      0.0       0.0      0.0       0.0   0.0      0.0      0.0      0.00              0.00         0    0.000       0      0       0.0       0.0

** Compaction Stats [default] **
Priority    Files   Size     Score Read(GB)  Rn(GB) Rnp1(GB) Write(GB) Wnew(GB) Moved(GB) W-Amp Rd(MB/s) Wr(MB/s) Comp(sec) CompMergeCPU(sec) Comp(cnt) Avg(sec) KeyIn KeyDrop Rblob(GB) Wblob(GB)
---------------------------------------------------------------------------------------------------------------------------------------------------------------------------------------------------

Blob file count: 0, total size: 0.0 GB

Uptime(secs): 6.1 total, 6.1 interval
Flush(GB): cumulative 0.000, interval 0.000
AddFile(GB): cumulative 0.000, interval 0.000
AddFile(Total Files): cumulative 0, interval 0
AddFile(L0 Files): cumulative 0, interval 0
AddFile(Keys): cumulative 0, interval 0
Cumulative compaction: 0.00 GB write, 0.00 MB/s write, 0.00 GB read, 0.00 MB/s read, 0.0 seconds
Interval compaction: 0.00 GB write, 0.00 MB/s write, 0.00 GB read, 0.00 MB/s read, 0.0 seconds
Stalls(count): 0 level0_slowdown, 0 level0_slowdown_with_compaction, 0 level0_numfiles, 0 level0_numfiles_with_compaction, 0 stop for pending_compaction_bytes, 0 slowdown for pending_compaction_bytes, 0 memtable_compaction, 0 memtable_slowdown, interval 0 total count

** File Read Latency Histogram By Level [default] **

** Compaction Stats [default] **
Level    Files   Size     Score Read(GB)  Rn(GB) Rnp1(GB) Write(GB) Wnew(GB) Moved(GB) W-Amp Rd(MB/s) Wr(MB/s) Comp(sec) CompMergeCPU(sec) Comp(cnt) Avg(sec) KeyIn KeyDrop Rblob(GB) Wblob(GB)
------------------------------------------------------------------------------------------------------------------------------------------------------------------------------------------------
  L0      1/0   692.96 KB   0.5      0.0     0.0      0.0       0.0      0.0       0.0   0.0      0.0      0.0      0.00              0.00         0    0.000       0      0       0.0       0.0
  L1      1/0    5.93 MB   0.0      0.0     0.0      0.0       0.0      0.0       0.0   0.0      0.0      0.0      0.00              0.00         0    0.000       0      0       0.0       0.0
 Sum      2/0    6.61 MB   0.0      0.0     0.0      0.0       0.0      0.0       0.0   0.0      0.0      0.0      0.00              0.00         0    0.000       0      0       0.0       0.0
 Int      0/0    0.00 KB   0.0      0.0     0.0      0.0       0.0      0.0       0.0   0.0      0.0      0.0      0.00              0.00         0    0.000       0      0       0.0       0.0

** Compaction Stats [default] **
Priority    Files   Size     Score Read(GB)  Rn(GB) Rnp1(GB) Write(GB) Wnew(GB) Moved(GB) W-Amp Rd(MB/s) Wr(MB/s) Comp(sec) CompMergeCPU(sec) Comp(cnt) Avg(sec) KeyIn KeyDrop Rblob(GB) Wblob(GB)
---------------------------------------------------------------------------------------------------------------------------------------------------------------------------------------------------

Blob file count: 0, total size: 0.0 GB

Uptime(secs): 6.1 total, 0.0 interval
Flush(GB): cumulative 0.000, interval 0.000
AddFile(GB): cumulative 0.000, interval 0.000
AddFile(Total Files): cumulative 0, interval 0
AddFile(L0 Files): cumulative 0, interval 0
AddFile(Keys): cumulative 0, interval 0
Cumulative compaction: 0.00 GB write, 0.00 MB/s write, 0.00 GB read, 0.00 MB/s read, 0.0 seconds
Interval compaction: 0.00 GB write, 0.00 MB/s write, 0.00 GB read, 0.00 MB/s read, 0.0 seconds
Stalls(count): 0 level0_slowdown, 0 level0_slowdown_with_compaction, 0 level0_numfiles, 0 level0_numfiles_with_compaction, 0 stop for pending_compaction_bytes, 0 slowdown for pending_compaction_bytes, 0 memtable_compaction, 0 memtable_slowdown, interval 0 total count

** File Read Latency Histogram By Level [default] **
2024/08/28-08:59:14.849215 7f2d27df5700 [/db_impl/db_impl.cc:931] ------- DUMPING STATS -------
2024/08/28-08:59:14.850040 7f2d27df5700 [/db_impl/db_impl.cc:933] 
** DB Stats **
Uptime(secs): 606.1 total, 600.0 interval
Cumulative writes: 2 writes, 2 keys, 2 commit groups, 0.7 writes per commit group, ingest: 0.00 GB, 0.00 MB/s
Cumulative WAL: 1 writes, 0 syncs, 1.00 writes per sync, written: 0.00 GB, 0.00 MB/s
Cumulative stall: 00:00:0.000 H:M:S, 0.0 percent
Interval writes: 0 writes, 0 keys, 0 commit groups, 0.0 writes per commit group, ingest: 0.00 MB, 0.00 MB/s
Interval WAL: 0 writes, 0 syncs, 0.00 writes per sync, written: 0.00 MB, 0.00 MB/s
Interval stall: 00:00:0.000 H:M:S, 0.0 percent

** Compaction Stats [default] **
Level    Files   Size     Score Read(GB)  Rn(GB) Rnp1(GB) Write(GB) Wnew(GB) Moved(GB) W-Amp Rd(MB/s) Wr(MB/s) Comp(sec) CompMergeCPU(sec) Comp(cnt) Avg(sec) KeyIn KeyDrop Rblob(GB) Wblob(GB)
------------------------------------------------------------------------------------------------------------------------------------------------------------------------------------------------
  L0      1/0   692.96 KB   0.5      0.0     0.0      0.0       0.0      0.0       0.0   0.0      0.0      0.0      0.00              0.00         0    0.000       0      0       0.0       0.0
  L1      1/0    5.93 MB   0.0      0.0     0.0      0.0       0.0      0.0       0.0   0.0      0.0      0.0      0.00              0.00         0    0.000       0      0       0.0       0.0
 Sum      2/0    6.61 MB   0.0      0.0     0.0      0.0       0.0      0.0       0.0   0.0      0.0      0.0      0.00              0.00         0    0.000       0      0       0.0       0.0
 Int      0/0    0.00 KB   0.0      0.0     0.0      0.0       0.0      0.0       0.0   0.0      0.0      0.0      0.00              0.00         0    0.000       0      0       0.0       0.0

** Compaction Stats [default] **
Priority    Files   Size     Score Read(GB)  Rn(GB) Rnp1(GB) Write(GB) Wnew(GB) Moved(GB) W-Amp Rd(MB/s) Wr(MB/s) Comp(sec) CompMergeCPU(sec) Comp(cnt) Avg(sec) KeyIn KeyDrop Rblob(GB) Wblob(GB)
---------------------------------------------------------------------------------------------------------------------------------------------------------------------------------------------------

Blob file count: 0, total size: 0.0 GB

Uptime(secs): 606.1 total, 600.0 interval
Flush(GB): cumulative 0.000, interval 0.000
AddFile(GB): cumulative 0.000, interval 0.000
AddFile(Total Files): cumulative 0, interval 0
AddFile(L0 Files): cumulative 0, interval 0
AddFile(Keys): cumulative 0, interval 0
Cumulative compaction: 0.00 GB write, 0.00 MB/s write, 0.00 GB read, 0.00 MB/s read, 0.0 seconds
Interval compaction: 0.00 GB write, 0.00 MB/s write, 0.00 GB read, 0.00 MB/s read, 0.0 seconds
Stalls(count): 0 level0_slowdown, 0 level0_slowdown_with_compaction, 0 level0_numfiles, 0 level0_numfiles_with_compaction, 0 stop for pending_compaction_bytes, 0 slowdown for pending_compaction_bytes, 0 memtable_compaction, 0 memtable_slowdown, interval 0 total count

** File Read Latency Histogram By Level [default] **

** Compaction Stats [default] **
Level    Files   Size     Score Read(GB)  Rn(GB) Rnp1(GB) Write(GB) Wnew(GB) Moved(GB) W-Amp Rd(MB/s) Wr(MB/s) Comp(sec) CompMergeCPU(sec) Comp(cnt) Avg(sec) KeyIn KeyDrop Rblob(GB) Wblob(GB)
------------------------------------------------------------------------------------------------------------------------------------------------------------------------------------------------
  L0      1/0   692.96 KB   0.5      0.0     0.0      0.0       0.0      0.0       0.0   0.0      0.0      0.0      0.00              0.00         0    0.000       0      0       0.0       0.0
  L1      1/0    5.93 MB   0.0      0.0     0.0      0.0       0.0      0.0       0.0   0.0      0.0      0.0      0.00              0.00         0    0.000       0      0       0.0       0.0
 Sum      2/0    6.61 MB   0.0      0.0     0.0      0.0       0.0      0.0       0.0   0.0      0.0      0.0      0.00              0.00         0    0.000       0      0       0.0       0.0
 Int      0/0    0.00 KB   0.0      0.0     0.0      0.0       0.0      0.0       0.0   0.0      0.0      0.0      0.00              0.00         0    0.000       0      0       0.0       0.0

** Compaction Stats [default] **
Priority    Files   Size     Score Read(GB)  Rn(GB) Rnp1(GB) Write(GB) Wnew(GB) Moved(GB) W-Amp Rd(MB/s) Wr(MB/s) Comp(sec) CompMergeCPU(sec) Comp(cnt) Avg(sec) KeyIn KeyDrop Rblob(GB) Wblob(GB)
---------------------------------------------------------------------------------------------------------------------------------------------------------------------------------------------------

Blob file count: 0, total size: 0.0 GB

Uptime(secs): 606.1 total, 0.0 interval
Flush(GB): cumulative 0.000, interval 0.000
AddFile(GB): cumulative 0.000, interval 0.000
AddFile(Total Files): cumulative 0, interval 0
AddFile(L0 Files): cumulative 0, interval 0
AddFile(Keys): cumulative 0, interval 0
Cumulative compaction: 0.00 GB write, 0.00 MB/s write, 0.00 GB read, 0.00 MB/s read, 0.0 seconds
Interval compaction: 0.00 GB write, 0.00 MB/s write, 0.00 GB read, 0.00 MB/s read, 0.0 seconds
Stalls(count): 0 level0_slowdown, 0 level0_slowdown_with_compaction, 0 level0_numfiles, 0 level0_numfiles_with_compaction, 0 stop for pending_compaction_bytes, 0 slowdown for pending_compaction_bytes, 0 memtable_compaction, 0 memtable_slowdown, interval 0 total count

** File Read Latency Histogram By Level [default] **
